start_time: 2001-01-03 06:30:25.000000000 -05:00
end_time: 2001-01-05 14:21:00.000000000 -05:00
saved: 123159
deleted: 7
